 Compile ht_main ...
gcc -I ./include/ -L ./lib/ -Wl,-rpath,./lib/ ./examples/ht_main.c ./src/record.c ./src/ht_table.c -lbf -o ./build/ht_main -O2
0
1
2
3
4
5
6
7
8
9
0
1
2
3
4
5
6
7
8
9
0
1
2
3
4
5
6
7
8
9
0
1
2
3
4
5
6
7
8
9
0
1
2
3
4
5
6
7
8
9
10
1
2
3
4
5
6
7
8
9
10
11
12
13
14
15
16
17
18
19
10
11
12
13
14
15
16
17
18
19
10
11
12
13
14
15
16
17
18
19
10
11
12
13
14
15
16
17
18
19
10
11
12
13
14
15
16
17
18
19
20
11
12
13
14
15
16
17
18
19
20
21
22
23
24
25
26
27
28
29
20
21
22
23
24
25
26
27
28
29
20
21
22
23
24
25
26
27
28
29
20
21
22
23
24
25
26
27
28
29
20
21
22
23
24
25
26
27
28
29
30
21
22
23
24
25
26
27
28
29
30
31
32
33
34
35
36
37
38
39
30
31
32
33
34
35
36
37
38
39
(165,Sofia,Michas,Los Angeles)
